vm DE SUGER 111
assez 111111110 11 13 00111· 110111 35515101ἱ 3 (105 011110110115
(’01111(10111’1015 011110 10 101 Philippo 01 1110111101· (10 13
001110111101 11 051, 31111105 (111 11011101111 101 1015 (10 5011
53010 11 01103115 11 108), 11100011111113110 (13115 13 1111111311,
(10 505 οΧ110(11110115 1111111111105 01 100011 (10 1111 1111551011
(10 1101100101· 3100 {lug-uos (111 Ρ111501 011 1112. La
11101110 11111100, 11 3551510 3 Romo 311 00110110 (10 11311311 ;
011 1118, 11 111 3 Maguclonnc 5311101· (10 111 111111 (111 101
10 pape. 601350 10111010 011 19131100.

(3113110 11115 111115 1111(1, 011 1122, 511901· 1010111111
(11111110 110 101 1311111 01111100 (10 11030013110115 11100 10
papo Calixte 11), (11131111 11 31111111 3 13 fois 13 111011
(10 5011 11010 51111111101, 11111110 Adam, 01 511 11101110
01001103 001111110 abb& (10 8111111-1’)01115. (ἶο choix, 1311
3 1’111511 (111 101, 311111, (·110(1110 001111-01, 111315 00110 1111-
1311011 110 1101111111, 011-0 (1110 1135533010, 01 10 11011101
abb& 1011113 1110111111 (13115 105 1710111105 9151005 (10
honis Vl. Ρο11113111 105 cinq 31111005 (1111 511110111, 811901·
1100011111113110 10 101 (111115 111 1111111311 (10 505 00111505
111111131105, fait deux fois (10 511110 10 voyage d‘ltalic.
01 11031130 11101110, 11 011 010110 105 0011101111101111115,
1’11(11111111511311011 (10 5011 1111111110 110111· 105 501115 (111
30111011101110111. Mais 011 1127, 105 01110113110115 (10
1’31151010 531111 1301113111 11111550111 11111 [0011101101. 01
Sugcr (105 1015 111. 11101115 11 111 00111· 01 50 0011511010
1011101111013 111 1010111ιο (10 Δ8’111111-Ι)01115. 1101115 Y} 110111
(1’1111101115 1011101115 0011111101· 5111· 105 0111150115 (10 5011
31101011 111111; 811011105131111105 (101111 (11131111 11 §ug-il (10
01101511 011110101111110 11111000111 11 0111111111111110 ,11130101 2
11 assiste aux 01111011105 (111 101 01 (111 5011101310 11011-

13110, console 10 101, 011101101110111 11311110 11111· 111 111011

