,111 11110111οΕ

(10 13 (1013110 (10 1310311110, 13111ςο0 311 101 (10 131311(το 011
1 1 35), il 110 11311013111315 (1113100 105 111115 grands 010805
(111 wi dssnglctcm‘e) 110311 Reum-lore, 01 1050110
505 1310011105 pour 105 0113011115 iux-&tomis (111 101 01
(10 1Ἰἶ;;;·1150, Ungues (10 01001, Ungues (1111)111501,
Thomas (10 1113110, 10 003110 (10 (ἶο111011, 01 00 quc 1”’011
5311 (10 quelques-uns (10 005 11310115 pillau-ds 11'031 pas
(10 11311110 3 13110 30011501 111151011011 (1013801311011.
Plus 1050110 quand il s'agit (105 31131105 (10 13 «our,
Sugcr 110 5311010 point 3 13003101· 105 (1155011510115
011110 10 101 philippe 01 1110111101 (111 110110, 105 1111105
(1’111111101100 011110 105 ]111155311105 1311111105 (10 Garlande
01 (10 1)(001101011. 11 051 10)·311510, (1010110 aux 111101015
(1013 papam& 01 (10 1031150 (10 ΡΓ3110ος 11051110 aux
0031313305, 00111310 13 1111111311 (105 010105 (10 5011
10111115, 11 110 1011 (13115 005 1103190015 1115111305 que
(105 sel-fs 10101105 0011110 101115 31311105 1031113105 01
113110 (10 1030131110 10100110 (10 11303, Gaudri7 1110
011 1112. 11 pense d'ailleurs 011 ΕΤ311ς315, [13110 3100
31οῙ1115 (101131111010111 ,1101111 V, 3100 (10(13111 (105 Alle-
31311(15 ¹. ll 3 011 1111 3101 105 503113101115 qui 5010111 3
1111 ι(1113131(1103113110 (10 11131150 311 x11⁰ 510010, 311 133111101-
(1“1111 101 0311011011. Ρ1115 111010 que 13 1111111311 (105
(·111031([1101115 (111 310101131ςο 3 13 110 (111 510010, 11
fait preuve (13115 505 ,1113-011101115 (1”11110 11011010, d'une
1110015103 que 505 03111105 30 (0111131550111 9111010, 01
(111 1000311311 50111031, 3131310 [0115031110 (10 13
langue, que 10 3311310111· 3 110110 1111 1010 [1011110110
(13115 1Έ131.

’1. Υο11 p. 28 01 10 10011 (105 deme-1225 03110 Guillaume 10 Roux 01 10 prince
Louis.

